==========================================================================================
区分                         |    取得 |    要件 |   未得必 |    不足 |   GPA
------------------------------------------------------------------------------------------
教養教育_学問への扉          |   2.0 |   2.0 |   0.0 |   0.0 |  0.00
教養教育_基盤教養            |  14.0 |   6.0 |   0.0 |   0.0 |  3.57
教養教育_情報教育            |   2.0 |   2.0 |   0.0 |   0.0 |  3.00
教養教育_健康スポーツ        |   2.0 |   2.0 |   1.0 |   0.0 |  3.50
教養教育_高度教養            |   0.5 |   2.0 |   0.0 |   1.5 |  0.00
国際性涵養_英語              |   8.0 |   8.0 |   0.0 |   0.0 |  3.75
国際性涵養_第2外国語         |   3.0 |   3.0 |   3.0 |   0.0 |  3.67
国際性涵養_グローバル        |   2.0 |   2.0 |   0.0 |   0.0 |  4.00
国際性涵養_高度国際          |   0.0 |   1.0 |   0.0 |   1.0 |  0.00
専門基礎教育科目             |  28.0 |  25.0 |   3.0 |   0.0 |  3.21
専門教育_必修                |  26.0 |  44.0 |  40.0 |   0.0 |  3.69
専門教育_選択必修            |   0.0 |   8.0 |   8.0 |   0.0 |  0.00
専門教育_選択                |  15.0 |  12.0 |   0.0 |   0.0 |  3.93
自由選択                     |  14.0 |   8.0 |   0.0 |   0.0 |  0.00
------------------------------------------------------------------------------------------
合計                         | 102.5 | 125.0 |  55.0 |   0.0 |  3.57
==========================================================================================

【参考】研究室配属用GPA (専門基礎＋専門教育): 3.551